# mesh name: latDmax2D
# primitive scorer name: latDmaxDose
# iX, iY, iZ, total(value) [Gy], total(val^2), entry
0,0,0,7.898171186227646e-07,5.797812427618518e-15,205
1,0,0,1.007036349622832e-06,8.418123149708941e-15,231
2,0,0,7.335471582835553e-07,5.973399710938581e-15,195
3,0,0,8.37300405975158e-07,6.98426148313372e-15,206
4,0,0,9.469160098257302e-07,8.776599537712904e-15,225
5,0,0,9.282317650292703e-07,7.17523775541792e-15,242
6,0,0,8.992747993941833e-07,7.574661742020548e-15,227
7,0,0,9.700245103944311e-07,7.188140140535581e-15,259
8,0,0,9.422133595451211e-07,7.29929656566602e-15,251
9,0,0,9.329652979969216e-07,7.327169626913637e-15,269
10,0,0,1.098149136006831e-06,9.050124928330071e-15,277
11,0,0,1.034756642613307e-06,7.849852552193981e-15,266
12,0,0,1.102866350699564e-06,9.182181701107472e-15,285
13,0,0,1.055504139426796e-06,9.343328979467624e-15,255
14,0,0,1.075092855440967e-06,9.110552465664622e-15,270
15,0,0,1.094896309159465e-06,8.818432463502937e-15,283
16,0,0,1.149070884007648e-06,1.071846410255553e-14,275
17,0,0,1.007182559921538e-06,7.028992004825597e-15,280
18,0,0,1.202192622614242e-06,1.044763242419481e-14,256
19,0,0,1.107323916146952e-06,9.042797058861675e-15,284
20,0,0,1.27381874769954e-06,1.099777027940149e-14,332
21,0,0,1.089309051070831e-06,7.693250502135196e-15,327
22,0,0,1.118815868537882e-06,9.04640247099209e-15,297
23,0,0,1.262445790578214e-06,1.021148157855279e-14,307
24,0,0,1.32103155254937e-06,1.094800536561095e-14,324
25,0,0,1.31375365943349e-06,9.741007954135033e-15,350
26,0,0,1.737606065114021e-06,1.580742766513222e-14,380
27,0,0,1.82725714089234e-06,1.738518194865188e-14,415
28,0,0,2.117699724727031e-06,1.880244565664958e-14,465
29,0,0,2.206388149686491e-06,1.893239392521686e-14,509
30,0,0,2.696439130864386e-06,2.195082524727806e-14,583
31,0,0,3.364651628377456e-06,2.760643867212988e-14,704
32,0,0,4.557887066958186e-06,3.940773649445253e-14,907
33,0,0,5.812907059948511e-06,5.146391159234408e-14,1144
34,0,0,8.081815520135218e-06,6.846281687076758e-14,1595
35,0,0,1.071818536006981e-05,9.068663266587017e-14,1975
36,0,0,1.346104447702336e-05,1.120638819091128e-13,2537
37,0,0,1.763588036593651e-05,1.50017507448658e-13,3256
38,0,0,2.186080714602804e-05,1.817291771482832e-13,4060
39,0,0,2.728226070823986e-05,2.257416697422288e-13,5142
40,0,0,3.465531854823907e-05,2.83953220541158e-13,6601
41,0,0,4.458051001355883e-05,3.621589136339055e-13,8487
42,0,0,5.845876682071399e-05,4.775331205004971e-13,11180
43,0,0,7.575378047799054e-05,6.051504871492066e-13,14725
44,0,0,9.973975542617977e-05,7.855812479740779e-13,19718
45,0,0,0.0001342512530419712,1.048637616274089e-12,26693
46,0,0,0.0001844682343216706,1.405738035063269e-12,37187
47,0,0,0.0002556240954424736,1.913539550159109e-12,51782
48,0,0,0.0003581321076319939,2.642920117484226e-12,72421
49,0,0,0.0004847579804643921,3.530639121726558e-12,97395
50,0,0,0.0006101124916688708,4.383929498206789e-12,122148
51,0,0,0.0007153968514170618,5.13200039220626e-12,142778
52,0,0,0.0007888237630484228,5.667073781719137e-12,157681
53,0,0,0.0008277179836000663,5.939801136393319e-12,166364
54,0,0,0.0008535336452422201,6.128933901625445e-12,171268
55,0,0,0.0008676587775754791,6.258790993161358e-12,174015
56,0,0,0.0008795970260859994,6.342363305467093e-12,176383
57,0,0,0.0008828445626962815,6.417330990384968e-12,176807
58,0,0,0.0008885717133100204,6.461078912072566e-12,177624
59,0,0,0.0008900149764366435,6.453267725467172e-12,178181
60,0,0,0.0008932462377285543,6.522738713234553e-12,178271
61,0,0,0.0008896425525410541,6.463355890767183e-12,177858
62,0,0,0.0008919577088260329,6.586215293430077e-12,178444
63,0,0,0.000888534133941182,6.452611586449245e-12,177883
64,0,0,0.0008917322386381196,6.512799935221527e-12,177751
65,0,0,0.0008906864016764828,6.503672472955989e-12,177804
66,0,0,0.0008945548327318494,6.538540362496797e-12,178317
67,0,0,0.0008913849095430873,6.498973884272007e-12,178221
68,0,0,0.0008934440005960926,6.513984910061134e-12,178333
69,0,0,0.0008899871504407273,6.484081769008866e-12,177745
70,0,0,0.0008894730162941521,6.507307970938608e-12,177343
71,0,0,0.0008933354751637418,6.529789474352457e-12,178014
72,0,0,0.0008871758025223672,6.465841567998956e-12,177152
73,0,0,0.0008821552027323311,6.463584597571714e-12,176194
74,0,0,0.0008831657973360713,6.431236750075949e-12,176305
75,0,0,0.0008845638372796973,6.441504073277782e-12,176653
76,0,0,0.0008851873890129537,6.495626583273052e-12,176364
77,0,0,0.0008878854192231198,6.501687544635948e-12,176704
78,0,0,0.0008942071506881428,6.542464134726856e-12,178240
79,0,0,0.0008884644294372234,6.465710614350212e-12,177664
80,0,0,0.0008907560906181823,6.516331248283028e-12,177424
81,0,0,0.0008867795944765422,6.464448777753334e-12,177279
82,0,0,0.0008903958076625864,6.493592301979243e-12,177723
83,0,0,0.00088961089745463,6.477389178267731e-12,177675
84,0,0,0.0008903541813551419,6.487216361177023e-12,178038
85,0,0,0.0008937439313372509,6.549765239492213e-12,177905
86,0,0,0.0008895023491156946,6.496180733636039e-12,177665
87,0,0,0.0008924299378383254,6.501544851699656e-12,178354
88,0,0,0.0008924220112846194,6.503261302720065e-12,178226
89,0,0,0.0008906285302955699,6.474338637732191e-12,178083
90,0,0,0.0008906574546551485,6.468256707483854e-12,178320
91,0,0,0.0008898152877011407,6.463845660906483e-12,177831
92,0,0,0.0008861471578422533,6.443879146267289e-12,177225
93,0,0,0.0008809253713118581,6.363658452302906e-12,176830
94,0,0,0.0008706826268363596,6.277823234066981e-12,174463
95,0,0,0.0008528492338945415,6.16316587027475e-12,171137
96,0,0,0.0008258846522024658,5.924621400599055e-12,165609
97,0,0,0.0007883235910772778,5.664145016235226e-12,157566
98,0,0,0.0007169906754358387,5.141900938163023e-12,143206
99,0,0,0.0006084234047570465,4.390575725685212e-12,121983
100,0,0,0.0004825783060681648,3.492894903177712e-12,97378
101,0,0,0.0003576386121093829,2.623722088332181e-12,72433
102,0,0,0.0002554757481306811,1.928786296408288e-12,51862
103,0,0,0.0001824079453037765,1.39072985109796e-12,36717
104,0,0,0.00013051688452363,1.016539209945555e-12,26088
105,0,0,9.743558324902569e-05,7.651181002825584e-13,19079
106,0,0,7.515107263829589e-05,5.975602889282429e-13,14606
107,0,0,5.768120926826514e-05,4.648684796030762e-13,11122
108,0,0,4.503038419344128e-05,3.686739306973398e-13,8517
109,0,0,3.503193627360142e-05,2.899550196081585e-13,6589
110,0,0,2.786743572491952e-05,2.359339993684683e-13,5169
111,0,0,2.179264547151368e-05,1.836250414517169e-13,4048
112,0,0,1.683449464781407e-05,1.429952257579192e-13,3175
113,0,0,1.348810956636642e-05,1.163719980166782e-13,2449
114,0,0,9.928421163403241e-06,8.130553226617133e-14,1894
115,0,0,7.855793449703498e-06,6.709011452145703e-14,1512
116,0,0,5.965563637641617e-06,4.904855123716023e-14,1169
117,0,0,4.800094009784883e-06,4.025061397442426e-14,948
118,0,0,3.878090768925771e-06,3.377659418610939e-14,787
119,0,0,3.059304429746658e-06,2.411020929583481e-14,675
120,0,0,2.638577079992853e-06,2.343891873243659e-14,539
121,0,0,2.051680609591203e-06,1.803920109650875e-14,477
122,0,0,1.74053440863643e-06,1.547561726411809e-14,405
123,0,0,1.419284003494754e-06,1.088124038031038e-14,343
124,0,0,1.236334930829174e-06,9.418997558471688e-15,331
125,0,0,1.269824009656174e-06,1.069930798096196e-14,319
126,0,0,1.258674691867389e-06,1.031825544257457e-14,322
127,0,0,1.166248379293813e-06,9.464749294932799e-15,310
128,0,0,1.183205662235066e-06,9.449153511868109e-15,296
129,0,0,1.141801289320095e-06,8.855993720552873e-15,297
130,0,0,1.129177898518679e-06,8.950801276729626e-15,320
131,0,0,1.077750675440277e-06,8.674986660767293e-15,282
132,0,0,1.04150517766632e-06,7.98150203269652e-15,266
133,0,0,9.40764016227674e-07,6.85704951843179e-15,278
134,0,0,9.262791070065485e-07,6.449381853724358e-15,248
135,0,0,1.104730600302475e-06,8.936584822237073e-15,273
136,0,0,9.351112644220108e-07,7.374838033084515e-15,245
137,0,0,1.091894125392524e-06,8.955494756197461e-15,274
138,0,0,9.996306371742342e-07,7.248981822828511e-15,279
139,0,0,9.253760933666752e-07,7.908223115204468e-15,223
140,0,0,1.028602046073338e-06,8.776068933650273e-15,263
141,0,0,9.96147881187815e-07,9.169142379311623e-15,246
142,0,0,9.618305344083743e-07,7.335298518997482e-15,264
143,0,0,9.761407774882443e-07,8.909078148414257e-15,221
144,0,0,9.634140437120309e-07,8.075778532960926e-15,229
145,0,0,9.748144970340629e-07,8.55062632527862e-15,246
146,0,0,9.530927368645729e-07,6.911533403690821e-15,240
147,0,0,1.097366248581049e-06,9.249384353785977e-15,249
148,0,0,9.577179308541817e-07,7.475651627570527e-15,244
149,0,0,9.711203889090592e-07,8.004594566073353e-15,239
