# mesh name: latR50_2D
# primitive scorer name: latR50Dose
# iX, iY, iZ, total(value) [Gy], total(val^2), entry
0,0,0,2.493137221785021e-07,1.607907815537032e-15,107
1,0,0,2.942695042280208e-07,2.075438204812046e-15,115
2,0,0,3.282985825410068e-07,2.108194365001119e-15,121
3,0,0,2.553906996258827e-07,1.636515693466675e-15,114
4,0,0,2.682211852112016e-07,1.951386191435735e-15,108
5,0,0,2.448334321148666e-07,1.324617604706214e-15,117
6,0,0,2.832588356242698e-07,2.156396292852896e-15,119
7,0,0,3.545572488583432e-07,3.03180782881965e-15,119
8,0,0,2.681954733467468e-07,1.874262571612026e-15,108
9,0,0,3.215290326399274e-07,2.315221803440599e-15,124
10,0,0,3.521634568947434e-07,2.526665529150579e-15,132
11,0,0,3.789501128676051e-07,2.61928246255764e-15,144
12,0,0,3.774495461018726e-07,2.524954424525042e-15,154
13,0,0,3.789960097715576e-07,3.093748443563223e-15,147
14,0,0,3.640612284749e-07,2.84024417816008e-15,144
15,0,0,3.623686477657168e-07,2.340108721825159e-15,124
16,0,0,3.315548990177285e-07,1.793221456713957e-15,150
17,0,0,4.493310221277321e-07,3.105899416996868e-15,168
18,0,0,3.757608114980063e-07,2.67068301680075e-15,158
19,0,0,3.425415041666823e-07,2.408971519707236e-15,142
20,0,0,3.793111546641519e-07,2.330555546433754e-15,172
21,0,0,3.099242387200272e-07,1.763953783731623e-15,159
22,0,0,3.79790228823481e-07,2.521169656474877e-15,165
23,0,0,5.236274715077848e-07,4.172764463244914e-15,188
24,0,0,5.944171725057905e-07,4.665619655207458e-15,204
25,0,0,7.871286817647265e-07,6.211983305683861e-15,238
26,0,0,8.687834902249862e-07,6.511974054612364e-15,259
27,0,0,1.293633178880914e-06,1.072706467754013e-14,347
28,0,0,1.713971337733691e-06,1.416670103345824e-14,421
29,0,0,2.164345630312628e-06,1.786909213240451e-14,512
30,0,0,2.860598115956116e-06,2.407223695235618e-14,633
31,0,0,3.913154527162647e-06,3.186653915170373e-14,845
32,0,0,6.139569125050294e-06,5.254517288164978e-14,1221
33,0,0,8.027217280172593e-06,6.863995092408861e-14,1525
34,0,0,1.018310448049374e-05,8.411616794853587e-14,1958
35,0,0,1.372223305374756e-05,1.157871744376916e-13,2590
36,0,0,1.904624492090158e-05,1.574853524964572e-13,3575
37,0,0,2.472093074629884e-05,2.039643528293044e-13,4717
38,0,0,3.346712097436227e-05,2.79133761569062e-13,6172
39,0,0,4.361121103524277e-05,3.647063947376987e-13,8195
40,0,0,5.712444824340524e-05,4.691545191101115e-13,10723
41,0,0,7.161932645487707e-05,5.83448246869846e-13,13624
42,0,0,9.254170573482208e-05,7.558906545472591e-13,17595
43,0,0,0.0001153731166413449,9.222705612061881e-13,22399
44,0,0,0.0001443517503457264,1.140005099622045e-12,28204
45,0,0,0.0001808842081267985,1.417384618502802e-12,35278
46,0,0,0.0002259031981406282,1.765298029431186e-12,43969
47,0,0,0.0002742801499098158,2.128250123564578e-12,53787
48,0,0,0.0003281058719299967,2.546883990756573e-12,64005
49,0,0,0.0003847173037133086,2.963111854105641e-12,75072
50,0,0,0.0004408789137688997,3.391498746734512e-12,85884
51,0,0,0.0004935949562208208,3.815846589528946e-12,95794
52,0,0,0.0005385036258132031,4.109151203441221e-12,105069
53,0,0,0.0005858753465225997,4.493094901366099e-12,113858
54,0,0,0.0006255774123812094,4.809275043572228e-12,121277
55,0,0,0.0006553303763215104,5.074431038543669e-12,126594
56,0,0,0.0006751573152199572,5.20666755164035e-12,130946
57,0,0,0.0006957032052254998,5.339319479684756e-12,135123
58,0,0,0.0007118866873598455,5.520721474309308e-12,138045
59,0,0,0.0007272987051005929,5.6665399802046e-12,140477
60,0,0,0.0007354655420919269,5.746239331844255e-12,141920
61,0,0,0.0007406367918221208,5.741876841268028e-12,143243
62,0,0,0.0007464251983174367,5.826964937206385e-12,144078
63,0,0,0.0007504812133326983,5.877080715198329e-12,144643
64,0,0,0.0007551510899921804,5.899253626603998e-12,145623
65,0,0,0.0007528236601364477,5.86462016559141e-12,145339
66,0,0,0.0007593364510905858,5.95862004773324e-12,146134
67,0,0,0.0007600610531492619,5.961553452519774e-12,146133
68,0,0,0.0007576919128937586,5.911894326976084e-12,146159
69,0,0,0.0007555211990535325,5.887818106707153e-12,145820
70,0,0,0.0007569266791986337,5.901503692506558e-12,145842
71,0,0,0.0007642278628108276,5.971449476340234e-12,146951
72,0,0,0.0007581323704678342,5.941588127649285e-12,146073
73,0,0,0.0007565157427628734,5.914051323211213e-12,145839
74,0,0,0.0007574715543372041,5.941583111438409e-12,145977
75,0,0,0.0007603280998774395,5.995669548328634e-12,145848
76,0,0,0.0007556800533438915,5.917805674236207e-12,145484
77,0,0,0.0007566932064749459,5.930910250634423e-12,145798
78,0,0,0.000756920002024318,5.931385986223483e-12,145547
79,0,0,0.0007609266152042331,5.975089711925718e-12,146533
80,0,0,0.0007611882524201566,5.98824089448339e-12,146350
81,0,0,0.0007583173009074041,5.971626940608613e-12,145774
82,0,0,0.0007577492636497452,5.927834972313681e-12,146087
83,0,0,0.0007583697648500064,5.929185926023849e-12,146323
84,0,0,0.0007555728235666711,5.902002223704566e-12,145754
85,0,0,0.0007503282158083758,5.8394569479124e-12,145085
86,0,0,0.0007487018242343977,5.855665800328582e-12,144502
87,0,0,0.0007456769676437068,5.861960864682632e-12,143548
88,0,0,0.0007414837755627238,5.789238021865102e-12,143038
89,0,0,0.0007343894065342711,5.72582922802076e-12,141724
90,0,0,0.0007237013813192975,5.62651002415735e-12,139899
91,0,0,0.0007125772512677105,5.547849973020747e-12,137727
92,0,0,0.0006994413508202734,5.442948232197245e-12,135159
93,0,0,0.0006776855708263876,5.223244581143579e-12,131284
94,0,0,0.0006509538458590688,5.006267258913783e-12,126591
95,0,0,0.0006226518086966727,4.787785953662022e-12,120698
96,0,0,0.000588270732640822,4.523544631239435e-12,113998
97,0,0,0.0005463445505170556,4.218912702427558e-12,105888
98,0,0,0.0004999278738812448,3.855145781629405e-12,96810
99,0,0,0.0004440870012078434,3.428469897694014e-12,85887
100,0,0,0.000385142913964033,2.970584852977311e-12,75268
101,0,0,0.0003299605593933824,2.565073078929817e-12,64405
102,0,0,0.0002730216187806776,2.109756046164472e-12,53452
103,0,0,0.0002238232110396435,1.757364622471596e-12,43823
104,0,0,0.000182700222946427,1.449341475842489e-12,35576
105,0,0,0.0001481047753524827,1.189871125343632e-12,28551
106,0,0,0.00011750371967756,9.420999565097999e-13,22638
107,0,0,9.277875007286386e-05,7.533976318834776e-13,17665
108,0,0,7.273577698549763e-05,5.902968628344883e-13,13866
109,0,0,5.638705462203585e-05,4.602278280840065e-13,10710
110,0,0,4.358970820150175e-05,3.60366354296771e-13,8209
111,0,0,3.35171019279061e-05,2.842704714205798e-13,6244
112,0,0,2.547739141952061e-05,2.179864745810082e-13,4731
113,0,0,1.893243859918537e-05,1.552560672987009e-13,3654
114,0,0,1.46792091999876e-05,1.22529585171008e-13,2751
115,0,0,1.095387166106957e-05,9.227296558279562e-14,2063
116,0,0,7.960236173386442e-06,6.672671970045278e-14,1552
117,0,0,5.725906173533578e-06,5.027820841464757e-14,1133
118,0,0,4.162667615701843e-06,3.466411175797896e-14,847
119,0,0,2.959732637599006e-06,2.463912198117738e-14,663
120,0,0,2.110764070335907e-06,1.712624879138583e-14,488
121,0,0,1.655947124715667e-06,1.359777363635188e-14,419
122,0,0,1.204157756662876e-06,9.567483502594504e-15,350
123,0,0,9.527126558978847e-07,7.694908906182061e-15,265
124,0,0,7.766427665148418e-07,6.434808015628398e-15,231
125,0,0,5.488904330060995e-07,4.206903356435186e-15,207
126,0,0,4.234232884525558e-07,3.529184534382736e-15,161
127,0,0,4.004772281180214e-07,3.4105478520151e-15,164
128,0,0,3.322973192500805e-07,1.99596874567115e-15,167
129,0,0,3.922074306658125e-07,3.103333286414087e-15,181
130,0,0,4.243419024546891e-07,3.057643237088288e-15,187
131,0,0,2.835272752577116e-07,1.858680253447971e-15,135
132,0,0,4.13391189873381e-07,3.050932649261072e-15,178
133,0,0,3.935070339718265e-07,3.118341410273239e-15,160
134,0,0,3.709181779360958e-07,2.666435138276365e-15,137
135,0,0,3.181217177715441e-07,1.904799787829495e-15,149
136,0,0,3.699205022799929e-07,2.590055354783686e-15,150
137,0,0,3.672841743468931e-07,2.521882040633801e-15,137
138,0,0,3.652334394302771e-07,2.670381390282597e-15,141
139,0,0,2.826558300486741e-07,1.516586751269018e-15,128
140,0,0,3.038528088953346e-07,1.805444130756434e-15,128
141,0,0,3.660075321479514e-07,2.948308541340981e-15,136
142,0,0,2.732071772683377e-07,1.809584175290538e-15,120
143,0,0,3.704821339683257e-07,2.39695948328081e-15,139
144,0,0,2.920189287189985e-07,2.620448571553149e-15,128
145,0,0,3.199434136883761e-07,2.195914629380619e-15,119
146,0,0,3.054789350243784e-07,2.075334837785928e-15,120
147,0,0,2.651227657518885e-07,2.288242196815055e-15,96
148,0,0,3.228005686280152e-07,2.417355285770118e-15,123
149,0,0,3.203398632703018e-07,2.809117882614731e-15,104
